19209
19206
19207
7822
15838
15754
19563
19529
17003
16988
19443
19428
16403
19345
19279
19210
15461
19536
19506
19280
15799
16568
17224
16951
17219
19201
16913
16405
19165
18784
16053
19157
16659
19241
17227
16594
19220
17226
16972
17218
19199
19190
17098
16254
15940
17035
18716
17006
17005
17225
16969
17223
16559
18373
16549
17411
17214
16448
17335
18943
17286
17060
19130
17230
18538
17229
18599
16578
16495
17301
17289
16397
18910
17243
17241
18735
17239
18543
16565
6709
11893
11549
11268
19568
16853
10756
19565
19180
19564
19567
12030
10047
19566
19583
19569
7672
19172
6711
19374
8118
11423
10719
19587
14655
19589
17471
17469
17467
17495
17468
19590
8119
19592
19591
10743
10670
10717
19596
19597
10929
19295
11678
10716
11948
19286
16817
16818
16819
16820
8120
16924
18693
16855
